[4130, 59954, 1349, 103]
[8581, 56230, 677, 48]
[9171, 55544, 685, 136]
[9514, 54731, 1125, 166]
[1556, 63666, 297, 17]
[9133, 55260, 1139, 4]
[2000, 62427, 1053, 56]
[693, 64328, 514, 1]
[11654, 52588, 587, 707]
[1521, 62690, 1288, 37]
[3022, 62370, 100, 44]
[467, 64711, 355, 3]
[4962, 58515, 1412, 647]
[8448, 56108, 862, 118]
[1919, 62995, 618, 4]
[18556, 45024, 1614, 342]
[10019, 53957, 1500, 60]
[771, 63360, 1400, 5]
[3355, 61074, 1058, 49]
[8818, 53906, 2450, 362]
[3322, 58293, 3881, 40]
[6822, 57668, 929, 117]
[12719, 50535, 2047, 235]
[3024, 61392, 1100, 20]
[4684, 60515, 286, 51]
[3075, 61870, 546, 45]
[8873, 55820, 744, 99]
[6093, 58446, 870, 127]
[13961, 50353, 722, 500]
[5549, 59380, 566, 41]
